0,441
0,440
0,439
0,438
0,437
42,4
42,3
42,2
0,436
42,1
42,0
0,435
0,434
0,433
0,432
0,431
0,430
0,429
41,4
41,3
41,2
0,428
41,1
41,0
0,427
0,426
0,425
0,424
0,423
0,422
0,421
0,420
40,4
40,3
40,2
0,419
40,1
40,0
0,418
0,417
0,416
0,415
0,414
0,413
0,412
39,4
39,3
39,2
0,411
39,1
39,0
0,410
0,409
0,408
0,407
0,406
0,405
0,404
0,403
0,402
0,401
38,4
38,3
38,2
0,400
38,1
38,0
0,399
0,398
0,397
37,4
37,3
37,2
37,1
37,0
0,396
0,395
36,5
0,394
0,393
36,4
36,3
36,2
36,1
36,0
0,392
0,386
35,4
35,3
35,2
35,1
35,0
34,52
34,51
34,50
34,49
34,48
34,47
34,46
